   8.78196716         2.53164554    
   8.82391739         0.00000000    
   8.86586761         0.00000000    
   8.90781784         1.26582277    
   8.94976807        0.949367106    
   8.99171829        0.949367106    
   9.03366947        0.632911384    
   9.07561970         0.00000000    
   9.11756992         3.16455698    
   9.15952015         1.58227849    
   9.20147133         0.00000000    
   9.24342155        0.949367106    
   9.28537178         1.26582277    
   9.32732201        0.949367106    
   9.36927223         0.00000000    
   9.41122341         4.74683523    
   9.45317364         7.27848101    
   9.49512386         6.96202517    
   9.53707409         11.3924055    
   9.57902527         55.3797455    
