   19.9008522         1.74603176    
   20.1615334         1.26984131    
   20.4222145         4.44444466    
   20.6828957         4.12698412    
   20.9435787         2.85714293    
   21.2042599         4.92063475    
   21.4649410         4.36507940    
   21.7256222         6.34920645    
   21.9863033         4.60317469    
   22.2469845         9.60317421    
   22.5076656         7.53968239    
   22.7683468         9.92063522    
   23.0290298         7.06349230    
   23.2897110         6.26984119    
   23.5503922         15.0793648    
   23.8110733         2.61904764    
   24.0717545         3.09523821    
   24.3324356         1.74603176    
   24.5931168        0.793650806    
   24.8537979         1.58730161    
